传送点,10.5,46,14,-10,0,2,1,1,无
传送点,14.5,-9,10,45,0,2,0,1,无
传送点,10.5,26,45,-10,0,2,2,1,无
传送点,45.5,-9,10,25,0,2,0,1,无
传送点,29.5,26,76,-10,0,2,3,1,无
传送点,76.5,-9,29,25,0,2,0,1,无
传送点,29.5,46,107,-10,0,2,4,1,无
传送点,107.5,-9,29,45,0,2,1,0,门锁上了，你被永远地困在了这里ToT。*Bad End*伤心的蘑菇。丸辣
传送点,138.5,-17,50,70,2,2,0,1,无
传送点,50.5,71,138,-16,0,2,5,1,无
传送点,138.5,-9,50,81,0,2,0,1,无
传送点,50.5,80,138,-10,2,2,5,1,无
存档点,40,90
存档点,19,66
存档点,28,10
存档点,116,32
存档点,55,125
存档点,28,148
存档点,211,196
存档点,83,179
存档点,109,-9
移动石柱,51,10
移动石柱,51,11
移动石柱,51,9
移动石柱,51,7
移动石柱,51,13
移动石柱,52,12
移动石柱,52,10
移动石柱,52,8
移动石柱,53,9
移动石柱,53,11
移动石柱,53,13
移动石柱,54,13
移动石柱,55,13
移动石柱,54,12
移动石柱,54,10
移动石柱,54,8
移动石柱,53,7
移动石柱,55,7
移动石柱,55,9
移动石柱,55,11
移动石柱,56,12
移动石柱,57,13
移动石柱,57,11
移动石柱,56,10
移动石柱,57,10
移动石柱,57,9
移动石柱,57,7
移动石柱,56,8